Number of nodes,Number of Edges,Average Degree,Density,Cut-Ratio,Avg. internal density,Coverage,Performance,Execution Time
25,50,4.0,0.16666666666666666,0.02,0.9,0.9,0.9666666666666667,0.014900499999981776
50,225,9.0,0.1836734693877551,0.005,0.9777777777777776,0.9777777777777777,0.9918367346938776,0.052529999999990196
75,525,14.0,0.1891891891891892,0.0022222222222222222,0.9904761904761905,0.9904761904761905,0.9963963963963964,0.08725810000001388
100,950,19.0,0.1919191919191919,0.00125,0.9947368421052631,0.9947368421052631,0.997979797979798,0.12270170000002167
125,1500,24.0,0.1935483870967742,0.0008,0.9966666666666667,0.9966666666666667,0.9987096774193548,0.17046430000002033
150,2175,29.0,0.19463087248322147,0.0005555555555555556,0.9977011494252872,0.9977011494252873,0.9991051454138703,0.23250790000000165
175,2975,34.0,0.19540229885057472,0.00040816326530612246,0.9983193277310924,0.9983193277310924,0.9993431855500821,0.3465413000000126
200,3900,39.0,0.19597989949748743,0.0003125,0.9987179487179487,0.9987179487179487,0.9994974874371859,0.5422762999999975
225,4950,44.0,0.19642857142857142,0.0002469135802469136,0.998989898989899,0.998989898989899,0.9996031746031746,0.5434164000000123
250,6125,49.0,0.19678714859437751,0.0002,0.9991836734693876,0.9991836734693877,0.9996787148594377,0.7446649000000036
275,7425,54.0,0.19708029197080293,0.00016528925619834712,0.9993265993265993,0.9993265993265993,0.9997345719973457,0.970093300000002
300,8850,59.0,0.19732441471571907,0.0001388888888888889,0.9994350282485875,0.9994350282485875,0.9997770345596433,1.7439390999999773
325,10400,64.0,0.19753086419753085,0.00011834319526627219,0.9995192307692309,0.9995192307692308,0.9998100664767331,1.3552151000000094
350,12075,69.0,0.1977077363896848,0.00010204081632653062,0.9995859213250518,0.9995859213250518,0.9998362668849775,1.7090119000000072
375,13875,74.0,0.19786096256684493,8.888888888888889e-05,0.9996396396396395,0.9996396396396396,0.9998573975044563,1.8658875999999793
400,15800,79.0,0.19799498746867167,7.8125e-05,0.9996835443037975,0.9996835443037975,0.999874686716792,2.2671986000000004
425,17850,84.0,0.19811320754716982,6.920415224913495e-05,0.9997198879551821,0.9997198879551821,0.999889012208657,3.7116985000000113
450,20025,89.0,0.19821826280623608,6.17283950617284e-05,0.9997503121098626,0.9997503121098626,0.9999010146003464,3.0030854999999974
475,22325,94.0,0.19831223628691982,5.5401662049861494e-05,0.9997760358342666,0.9997760358342666,0.9999111703308905,3.4005447000000117
500,24750,99.0,0.19839679358717435,5e-05,0.9997979797979799,0.9997979797979798,0.9999198396793587,3.576689799999997
525,27300,104.0,0.1984732824427481,4.5351473922902495e-05,0.9998168498168498,0.9998168498168498,0.9999272991639404,3.8272560999999996
550,29975,109.0,0.19854280510018216,4.132231404958678e-05,0.9998331943286072,0.9998331943286072,0.9999337638681901,4.381564300000008
575,32775,114.0,0.1986062717770035,3.7807183364839316e-05,0.9998474446987032,0.9998474446987032,0.9999394031207393,4.392584499999998
600,35700,119.0,0.1986644407345576,3.472222222222222e-05,0.999859943977591,0.999859943977591,0.9999443516972732,6.422072200000002
625,38750,124.0,0.1987179487179487,3.2e-05,0.9998709677419356,0.9998709677419355,0.999948717948718,5.771258399999994
650,41925,129.0,0.1987673343605547,2.9585798816568047e-05,0.9998807394156233,0.9998807394156232,0.9999525897830983,6.052145899999999
675,45225,134.0,0.19881305637982197,2.7434842249657064e-05,0.9998894416804864,0.9998894416804864,0.9999560391251786,6.90288910000001
700,48650,139.0,0.1988555078683834,2.5510204081632654e-05,0.9998972250770812,0.9998972250770812,0.9999591252810137,7.271037500000006
725,52200,144.0,0.19889502762430938,2.3781212841854935e-05,0.9999042145593868,0.9999042145593869,0.9999618975042865,7.830938800000013
750,55875,149.0,0.19893190921228304,2.2222222222222223e-05,0.9999105145413869,0.999910514541387,0.9999643969737427,8.418472500000007
50,100,4.0,0.08163265306122448,0.008888888888888889,0.9,0.9,0.9836734693877551,0.05144500000000107
100,450,9.0,0.09090909090909091,0.0022222222222222222,0.9777777777777776,0.9777777777777777,0.9959595959595959,0.16380179999998745
150,1050,14.0,0.09395973154362416,0.0009876543209876543,0.9904761904761905,0.9904761904761905,0.9982102908277405,0.33729069999998273
200,1900,19.0,0.09547738693467336,0.0005555555555555556,0.9947368421052631,0.9947368421052631,0.9989949748743718,0.44461420000001795
250,3000,24.0,0.0963855421686747,0.00035555555555555557,0.9966666666666667,0.9966666666666667,0.9993574297188755,0.9103249000000062
300,4350,29.0,0.09698996655518395,0.0002469135802469136,0.9977011494252872,0.9977011494252873,0.9995540691192865,1.058268699999985
350,5950,34.0,0.09742120343839542,0.00018140589569160998,0.9983193277310924,0.9983193277310924,0.999672533769955,1.8312453000000062
400,7800,39.0,0.09774436090225563,0.0001388888888888889,0.998717948717949,0.9987179487179487,0.9997493734335839,1.9303491000000008
450,9900,44.0,0.09799554565701558,0.00010973936899862826,0.998989898989899,0.998989898989899,0.9998020292006929,2.978718399999991
500,12250,49.0,0.09819639278557114,8.888888888888889e-05,0.9991836734693876,0.9991836734693877,0.9998396793587174,3.6419657000000143
550,14850,54.0,0.09836065573770492,7.346189164370983e-05,0.9993265993265993,0.9993265993265993,0.9998675277363802,3.8764641999999867
600,17700,59.0,0.09849749582637729,6.17283950617284e-05,0.9994350282485875,0.9994350282485875,0.9998887033945465,5.600455199999999
650,20800,64.0,0.09861325115562404,5.259697567389875e-05,0.9995192307692309,0.9995192307692308,0.9999051795661965,6.279259599999989
700,24150,69.0,0.09871244635193133,4.5351473922902495e-05,0.9995859213250518,0.9995859213250518,0.9999182505620274,6.081228199999998
750,27750,74.0,0.09879839786381843,3.950617283950617e-05,0.9996396396396395,0.9996396396396396,0.9999287939474856,5.643932599999971
800,31600,79.0,0.09887359198998748,3.472222222222222e-05,0.9996835443037975,0.9996835443037975,0.9999374217772216,8.711938499999974
850,35700,84.0,0.0989399293286219,3.0757400999615536e-05,0.9997198879551821,0.9997198879551821,0.9999445714681633,8.681683099999987
900,40050,89.0,0.09899888765294772,2.7434842249657064e-05,0.9997503121098626,0.9997503121098626,0.999950562353232,11.296488599999975
950,44650,94.0,0.09905163329820864,2.4622960911049555e-05,0.9997760358342666,0.9997760358342666,0.9999556319671676,12.46789480000001
1000,49500,99.0,0.0990990990990991,2.2222222222222223e-05,0.9997979797979799,0.9997979797979798,0.99995995995996,14.191404299999988
